13808084266
13870870967
13576320366
13907907038
15307901803
13879390299
13970201881
13879215951
18107922198
13879102991
13437981505
13607043992
17770506955
13970016210
13970001569
13926067686
15070177696
13879610322
13576136718
13677920651
15946888625
18907070075
18979700256
18907078179
13970799969
13767711717
18679015367
15907909168
13979837337
15350083338
13879376873
13870320707
13507031111
13576486256
13755391222
13879832512
13807934133
15979083403
18270808701
18170273681
18070034058
18070038325
18720953040
18870338057
13870391711
13576744761
13970112357
13803592216
13979101662
13576744761
13767787112
15071040143
17370805501
13576064570
13766471279
15083570745
18370293901
15949581207
13970135015
18770653555
18770655229
13694839949
18979778183
18879723221
15979999598
15979999589
13979649118
15179799989
15179799999
15970951659
13879369505
13707982989
13879378878
13870391711
13576427600
15779217678
18720510198
13517067339
15007949590
15397888288
13879464766
15779217678
13979222556
18607979889
13979776919
15180694816
15879522759
18007067819
13426657116
15270492083
13707966782
15207948825
13979470798
18970556602
17507040911
13979672913
15107019152
18179708859
13707024998
15879323366
13870376061
13979594066
13979776626
18179212608
15779718498
18079915355
18379050666
18770788619
18007073057
18179708859
15970720336
18607972168
18979765678
18170944885
13755885522
13807024202
18666495869
15270869545
15007955156
13576121939
15727663872
15083809919
18070559417
13607932766
18379312999
13970333235
13870535937
13767719884
13979729028
13970500777
13766477126
13767051689
13767069611
13910821313
13687004730
18307967785
18370316026
15907027170
15180695690
13767518118
13755774803
13907950252
13807045970
13699502918
18270648315
13707006865
13879518787
13576528490
13970124333
15770763956
13979137292
15707037027
18770989401
13979260515
15179715379
13155811396
13807950180
13694859998
17735786100
13970685858
15807969446
18607965672
13767570288
13970500777
13870601000
13970055366
17707950798
18655140702
18655142787
13907084888
13602400945
13907050552
18879119953
18679162129
15180185569
15297760070
15605915529
13879503842
13879581891
18579108260
13714523655
18970520619
13030510279
18970610065
13594489991
13507955288
13576553123
13507915760
18970594387
15070386260
18170386186
13907959953
18979766600
13576131622
18679168833
13667034129
18970017115
13479069628
13479049628
15070066905
18079127626
15279590020
13907917937
13970542838
18166061856
18170502525
13672230002
15079575386
13576191949
13970790799
13217926266
13803552177
13607050130
13979545885
13036267776
18270636555
13330123750
15727553333
18179526862
13755485878
15275563096
18970056022
18979192912
13807096720
13330062666
18870381232
13707045296
13970757085
15180208668
13803582815
18720981358
13576599252
15970508118
15180562688
15979789866
15970658013
13870995330
18507002332
13755896611
18070376950
13970315998
13602400945
13979036517
15870003167
13317057733
13767767185
18970610065
15879777879
13970125668
13177770988
13576228827
18070308787
13576505076
13576744761
18979796104
13870426661
13330001997
13970720388
13576992848
13870053686
13970998811
13970617264
15821055098
15079334222
15279377548
13707939722
13922517316
18270940794
18770915042
15307001309
13607923001
13979797713
13602400945
18720685658
18170220581
17707096355
13767722699
15858003713
13767029317
13677003904
13907001580
18070099029
13707959577
18879181856
13970367579
13979163203
18679532668
18322928728
18601280269
13979537639
18079310888
18879964560
13576418679
13707925177
13970574688
18066857121
13602400945
18379095956
18607064417
13907077765
13517978999
19979033239
15970686307
18507971986
13970790799
13766311299
15270437858
18170095086
18178915600
13576743368
18970107109
13970927393
13367092927
13979433497
18162264321
13907922320
18379095089
13607076823
15079575386
15079734342
18179722991
13576653711
15307951777
18970672314
15179600155
13361619236
13823636981
18279630920
18879192658
18807999527
15207997818
18379055566
13870427427
13970797057
13077977901
18675269777
18170551758
13870540402
18720299229
18679555538
18827767580
18379530999
13979695613
18907979296
13767598778
15907958577
13970979965
13479105042
18970001813
18172981312
18172981356
13870900209
13970617264
15107006667
13970533929
18720688588
13979441268
15350170766
15679280299
13907967535
13907097811
18879199969
13970011515
13970662834
18970672314
18379050009
15279899997
13807037078
13030596634
18807971988
13507006307
13870532855
18979657018
17779616669
18970088779
13763923689
13507968603
13979713000
18172981312
18827767580
13979425362
13979423237
13617933823
18070080843
15390788333
18007959432
15079575386
13870274610
18146616227
13698002489
18827767580
13979537639
15307951799
13755635774
13757195841
13907032316
13907031225
13576303003
15970405026
13767579388
13879065745
13970627869
18107920006
13970257172
13979257172
15350222333
13879888543
13340003888
18270321688
13545872621
15727661551
18979105293
13979627031
13667972999
13807073724
18970209776
15216208155
13979581234
13097157276
15350417075
18907950090
13807936426
13699588686
13767275679
13870609505
18970039399
18720981358
13576599252
13687056700
13870519198
13307058456
15970277289
15179537966
13979420165
15180600722
13767206839
18379563338
13507914538
15979100803
18870123808
13316085666
15970161401
13979781158
13667972999
15079369089
13657974493
13879309788
15770656450
13728695588
13879401579
13699582693
15170257797
18007027797
18720526578
13870988909
13870569719
13766311299
13870665560
18827798588
17370894890
13667972999
15007072388
13870726668
13879711990
13970515761
13607955039
15180600722
18179253555
18970203231
18322928728
15770777252
15307943369
13707950888
13979299141
18807955412
13177684093
13007232396
18720981358
18759226651
13667972999
18970108388
13718993228
18296243552
18720568023
17370894890
17370894890
13767554391
13707950888
15979171287
13870428310
13707508889
18007961621
18162221176
13320110668
13576938581
13970863399
18870055888
13479951641
18007075611
13307062726
18807962518
13576655539
13767158312
13707950888
13767223339
13607940083
18879819609
13707912982
13803574765
15970988207
13418476839
18759226651
13970753113
15770787656
18007961621
13979668776
13970979965
13361687870
15170977629
15949533562
15170977629
13870943372
18970001813
15932850800
18679602292
13879788231
15079490985
13807947660
18879400985
13697095348
18707930960
13823705835
15270648998
18879869230
17770858777
18970185569
15979989969
13679652462
13879676881
13979466087
15870768588
13755398684
13823705835
15179170404
13979880016
18779478938
18870327060
13307951942
15879295763
13868651039
15070078846
15870646365
13870818806
13907958881
13879033657
13970979965
13732907981
14785295623
13607965246
13507042648
13807957800
13979514446
18779980111
15607968000
13879955085
13767245568
13879289300
13755721525
15083706831
18679174671
18322928728
13879403453
13320003455
18779619203
13979557652
15207044363
18679564668
15170977629
15083818462
18170074558
13879033657
18720532827
13907032563
13763957508
13879440809
13879401366
13307948168
18166061856
13125352505
13617963008
13767359185
13979261556
15279400530
13766316626
13479446555
18170858709
13707070212
